10101
10102
10103
10104
10105
10106
10107
10108
10109
10199
100007198
10301
10302
10303
10304
10305
10306
10307
10308
10309
10310
10311
10312
10313
10314
10315
10316
10317
10399
100000665
100000666
100003331
100003332
100007195
10401
10402
10403
10404
10405
10406
10407
10408
10409
10410
10411
10412
10413
10414
10415
10416
10499
100005319
10501
10504
10505
10506
10507
10599
100000396
100000398
100000399
100000400
10603
10605
135
13699
20605
20602
20603
20604
20606
20607
20608
20609
20610
20611
100002864
100002865
100009257
138
10204
10206
1020201
1020202
1020203
1020204
1020205
1020206
1020207
1020208
1020209
1020210
1020211
1020299
1020401
1020601
1020602
1020603
100002850
100002863
100007116
100007117
10502
10503
10508
132
141
142
143
12305
100010576
121
126
100002810
100002866
100002818
110
112
13001
13002
13003
13004
13099
100007201
13101
13102
13103
13105
13199
145
190000196
100009208
146
147
10901
10902
10903
10905
10907
10908
10909
100002900
100007260
100007327
100008998
100009092
100009093
100009094
100009096
100009097
28901
29101
29102
29103
29104
100007261
100009079
100009086
20401
20404
20406
20407
20413
100000383
20402
20405
20408
20410
20411
20412
100009009
20703
20704
100005318
100009002
208
20901
20903
20904
20905
20906
20908
20909
20911
20902
20907
20910
205
21202
21204
21205
21207
100002883
100007290
100009038
100009043
100009049
100009054
100009108
21206
100009151
228
10205
21401
21402
100002868
21601
21602
21603
100008988
100008989
100008990
100008991
100008992
100008993
21801
21802
21803
21804
100001093
100001103
100009022
100009024
100009025
225
100001873
100008994
100008995
100008996
100008999
100009169
100009110
100009111
100009112
100009113
100009114
100009115
100009116
100009117
100009120
100009121
100009122
100009123
100009124
100009125
100009126
100009127
100009128
237
23604
100009053
100009252
201
300
23801
23802
100009021
100009023
100009026
100009027
226
100001104
100003281
100007226
100007262
100007291
100008997
100009011
100009014
229
21301
100000672
10201
10203
100000427
100007270
100007273
100007274
100007275
100007276
100007277
100007278
100007486
100009088
100009005
100009006
100009008
100009010
100009013
100009016
100009017
100009029
100009031
100009042
100009059
100009068
100009083
100009087
100009089
100009090
100009062
100009067
100009071
23603
100009091
100009095
100009098
100009099
100009104
100009105
100009106
340
343
30101
30102
30103
30106
30107
30108
30109
30199
100005760
100005761
100005762
100005763
100005764
100005765
100005766
100005767
100005768
100010573
30701
30799
100005727
100005728
100005729
100005730
31002
31003
31005
31006
31007
31008
31009
31010
31011
31099
100005719
100005720
100005721
100005722
100005803
100005804
31101
31102
31103
31106
31107
31108
31109
31110
31111
31199
100005723
100005724
100005725
100005805
100005806
351
31201
31202
31203
31204
31205
31299
3120601
100005771
100005772
313
314
316
317
318
32003
32005
32099
32001
32002
100005866
100005788
100005789
321
31207
32802
32803
32806
32807
32809
32810
32811
32812
32813
32814
32815
32816
32899
3280501
3280502
3280604
100005731
100005732
100005734
100005735
100005737
100005738
100005739
100005741
100005873
100010600
190000128
190000136
333
335
337
345
348
349
350
352
35301
35302
35303
35399
354
355
33801
280503
32004
100005790
100005791
100005792
100005793
100007196
100009248
100009271
100005742
100005743
100005745
100005746
100005747
100005748
100005749
100005750
100005751
323
100005754
100005755
100005756
100005757
100005758
100005759
100005874
347
100005770
100005774
100005775
100005777
100005778
100005779
100005780
100005781
100005782
100005783
100005784
100005785
100005786
100005795
100005796
100005797
100005798
100005799
100005800
100005801
100007194
100005875
315
100008572
402
403
40301
40502
40503
40504
40505
40507
40508
40509
40510
40511
40512
40599
40601
40602
40603
40604
40605
40606
40607
40608
40609
152213
100000385
100000392
100000394
100000405
100000406
100000407
100000408
40805
40811
40812
40899
100000409
100000410
100000413
100000414
100000415
100000416
100000417
100000418
100000419
100000420
100000424
100000426
100000429
100000430
100000431
100000600
190000090
414
41501
41503
41505
41507
41509
41510
100000674
100000675
100000677
100000678
100005834
100005835
100005836
100005837
100005838
100005839
417
427
280504
425
42302
42306
42316
42317
42318
42319
42320
42321
100000267
100000278
100000279
100000280
100000281
100000282
100000283
100000284
100000285
100000289
100000291
100000292
100000293
100000294
100000301
100000302
100000303
100000329
100000336
100000337
100000340
100000341
100000345
100000350
100000354
100000357
100000358
100000359
100000361
100000362
100000363
100000364
100000365
100000366
100000367
100000369
100000371
100000372
190000216
429
100000682
428
42801
41506
4150601
100000384
100000691
100000692
516
526
527
1009
1507
52801
52803
52805
52806
52807
410101
540
4103
4105
410401
410402
410403
410404
410405
410499
14190402
14190404
14190405
14190407
14190408
14190409
14190410
14190499
141905
410601
410602
410603
410604
410605
410606
410607
410608
410609
410610
410611
410612
410699
100008904
141907
141909
14191101
14191102
14191103
14191104
14191105
14191106
14191107
14191108
141913
141914
150512
14191201
14191202
14191203
14191204
14191205
14191206
14191207
14191208
14191209
14191299
100009278
14190101
14190102
14190103
14190104
14190199
614
628
631
648
601
613
618
624
625
100000134
190000201
608
645
646
100000135
190000178
1403
100000065
100000066
100000067
100000068
100000069
100000070
100000071
100000072
100000073
100000074
100000075
100000076
100000077
100000078
100000079
100000080
100000081
100000082
100000083
100000085
100000086
100000087
100000088
100000089
100000090
100000091
100000092
100000093
100000094
100000095
100000096
100000097
100000098
100000099
100000100
100000101
100000103
100000104
100000105
100000106
100000107
100000050
100000051
100000052
100000053
100000054
100000055
100000056
100000057
100000059
100000060
100000061
100000108
100000109
100000110
100000111
100000113
100000114
100000115
100000116
100000117
100000118
100000121
100000122
100000123
100000124
100000125
100000126
100000127
100000128
62602
62699
100000129
100000131
100002872
611
612
615
616
638
640
64301
64302
64311
64312
64315
64316
64317
64399
15230408
605
606
639
642
647
64303
64304
64305
64310
64313
64314
64318
100000140
100000141
100000142
100000143
100000144
100000145
100000146
100000147
100000149
100000151
100000152
100000153
100000370
100000138
100000139
100000154
100000155
100000157
190000206
603
609
64903
64904
64999
100000368
60702
60703
60704
60799
100701
610
100000162
100000163
100001125
60201
60202
60203
60204
60299
701
702
703
704
705
707
712
717
720
721
2118
7101
7171
7172
70802
70803
7080401
7080402
7080499
100005325
70805
70807
70811
70899
70901
380250
703001
708021
708023
708024
708032
708041
708042
708043
708044
708045
711001
711002
711004
711005
711006
70803001
70803002
70803003
70803004
70803005
100005324
100005326
100005327
100005328
100005329
100005330
100009272
100010613
100010614
190000114
518
623
4406
4407
4408
4409
63705
63708
708031
100000346
100000432
100000433
100009249
14190401
100010893
100010911
100010919
100010894
100010895
100010912
100010916
4499
1901
1902
1908
1909
4401
190301
190303
190304
190305
190307
190399
380210
100009284
100010896
100010897
100010898
100010899
100010900
100010901
100010902
100010903
100010904
100010905
636
4403
4410
63702
63703
63704
63710
63712
380220
380240
100010908
100010909
100010910
604
632
634
635
4402
63701
63707
63799
100000335
100000344
5090502
5092102
5092302
5092303
5092399
100007864
100010918
70801
180604
180606
380260
18060303
18060304
18060399
100010906
100010907
100010913
100010914
100010915
50906
50907
380230
5090301
5092103
5093003
5093004
5093005
5093099
5904001
5904002
5904003
5904004
2204
2212
817
824
82602
82603
82604
82608
82609
82610
82611
82612
82615
82619
82699
100004269
100004272
100004274
100004275
100004276
100004278
100004279
830
833
82102
80201
80202
8020302
8020305
8020313
8020315
8020316
100003102
100003241
100003242
100003243
100005878
100006065
100006066
100006068
80205
80207
100003270
80301
80305
80306
80307
80308
80309
80310
80311
80312
100006070
11502
11503
11505
11506
11507
11599
100003274
100006075
100006071
100003279
190000226
831
100003282
814
100003470
100003469
100004068
100006082
100006083
100007202
190000053
190000054
190000057
190000058
190000074
190000089
190000103
190000117
190000118
190000094
902
90301
90302
90303
90304
90399
90401
90402
90403
90404
90405
90406
90499
100000274
100000339
100004478
100007332
90801
90802
90803
90804
90805
90899
90915
100004266
100004268
100004270
100004271
100004273
911
916
91701
91799
131004
918
92101
92102
92103
92104
92105
92106
92107
92108
92109
100000276
100000300
100000315
100000320
100000680
922
93501
93502
93503
93599
131003
100000290
100000295
100004482
93601
93602
93603
93604
93605
93699
131001
100004479
100008864
93701
93702
93703
93799
131005
100000334
100002886
938
939
940
94101
94102
94199
942
943
944
140601
140602
140603
140699
100000296
90901
90902
90903
9090401
9090402
9090403
9090499
100000297
100000298
100000299
90905
90906
9090701
9090702
9090703
9090799
100000319
100007112
90908
11050201
11050202
11050203
11050204
11050205
11050206
11050299
100007113
146701
14670301
14670302
14670303
14670304
14670399
100000277
100000287
100007115
190000050
919
920
924
92501
92502
92503
92504
92505
92506
92599
926
927
928
929
930
931
932
933
93401
93402
93403
93404
93499
100001855
100001856
100001858
100001859
100001860
131008
100000318
100008948
100007335
100007336
100007337
100007338
100007339
100007341
100007342
100009172
100010574
122
100102
100104
100105
100106
100111
100002876
100002877
1002
1003
1004
1005
100702
100703
100704
100705
100799
1011
100107
100110
100002824
100002825
100002827
100002932
100002933
100002934
100002936
100003100
1101
1102
1103
1104
110501
110503
110504
110505
1106
1107
3299
1204
1205
1206
1218
1219
1221
122201
122202
122203
122204
122205
122206
122207
122208
122209
122210
122299
100001400
100001401
100001402
100001403
100001410
100006506
1235
122301
122302
122304
122399
100001406
100001823
100003271
100006490
1225
122701
122702
100006505
122801
122802
122803
122899
100001407
100001408
100001411
100006494
100009291
123001
123002
123003
123004
123005
123006
123007
123008
123009
123099
100006485
100006486
100006487
100006488
100006489
1231
1232
1238
1239
120701
120702
120704
120706
12070301
12070304
12070305
12070306
12070307
100001620
100001701
122704
1206001
1206002
100001050
1233
1234
122303
100001629
100001630
100001631
100001632
100001667
100001702
1207
100001649
100001650
100001651
100001652
100001653
100001654
12070302
1229
100001709
100001710
1224
100005312
100005313
100005314
100005315
100005316
100005317
190000191
3101
3102
3103
3104
3105
3106
3107
3109
3110
3111
3112
3113
190000166
1303
100006293
100006294
100006295
100006296
100006297
100006298
100007119
100006292
1315
1316
1320
1325
1354
133001
133002
133003
100007350
1333
1335
1338
1340
1341
1343
1353
1356
131205
100006306
100006307
100006308
100006309
100006311
100007110
131210
100006300
100006301
100006302
100006303
100006304
100006305
1336
15380301
15380303
15380304
15380305
15380306
15380307
15380308
15380309
15380310
15380311
15380312
15380313
15380314
15380315
15380316
15380399
100007102
1308
1349
1350
1351
100005300
100005302
100005303
100005304
100005305
100005306
100005307
100005308
100005277
100005278
100005279
100005280
100005283
100005284
100005285
100005286
100005287
100005290
100007097
100007098
100005295
100007133
100007134
100005321
100005322
100005323
100005333
131401
131403
100005345
100007096
100005336
100005337
100005339
100005432
100005436
100005437
100005441
100005442
100005443
100005444
100005445
100005447
100005449
100007171
100005347
100005348
100005452
100010575
100006264
130108
130110
130113
130124
130180
130184
100006313
100006314
100006315
100006317
130107
130120
100006321
100006322
100006323
100006338
100007135
100006341
100006342
100007120
100007121
100007122
100007124
100007125
100007126
100007128
100007129
100007130
100007131
100007132
100007084
100007085
100007086
100007087
100007088
100007089
100007090
100007091
100007092
100007093
100007094
100007095
100007109
100006276
100006277
100006278
100006279
100006280
100006281
100006282
100006283
100006284
100006287
100007111
1302
100007106
100007107
100007105
1305
1357
1208
1360
1361
1362
100007103
1363
1364
100007068
100007069
1358
1359
100007076
100007077
100007078
100007081
100007137
100007138
100007139
100007140
100007079
100007080
100007082
100007100
100007101
100001848
100001849
100008969
100001789
100001798
100005864
153801
100001799
100001801
100001835
12507
100001845
100001846
100002806
100002807
100002808
100002819
100002820
100002826
14401
100001805
100001806
100001807
100001808
100001809
100001811
100005865
1250317
100001814
100001816
100001817
100001818
100001819
100001820
100001822
100001834
62604
100005808
100005809
100005872
151401
151402
151403
151404
151405
151406
151407
151408
151409
151410
151412
151499
100005826
151601
151602
151603
151604
151605
151606
151607
151699
152104
152107
152199
100003288
100003289
100003290
100003291
100003292
100003293
190000121
190000161
152299
100003308
100003310
100003313
100003316
100003317
100003318
100003319
152205
100003321
100003322
100003323
100003324
152212
100003327
100003328
100003329
100003330
100004784
154101
154102
154104
15230501
100003885
100003886
100003887
100004267
100004472
100004474
152801
152802
152803
152804
152805
152806
152807
152899
362820
362830
1534
172801
172802
172803
172804
172805
172806
100007521
100007522
131404
153802
371002
371003
100004554
100004562
100005824
15230301
15230302
15230303
15230306
15230309
15230310
15230312
15230399
100003060
100003232
100003235
100003236
100003237
100003041
100003042
100003043
100003044
100003046
100003049
100003050
100003051
100005705
100003054
100003055
100003056
100003058
15230409
100003239
100003240
100003246
100003247
100003248
100003249
100003251
100003252
100003253
100003254
100003255
100003256
100003257
100003258
100003259
100003260
100003261
100003262
100003263
100003264
100003265
100003267
100003269
100003283
100003284
100003285
100003286
100003287
190000075
154001
154002
154003
154005
154006
154007
154009
154010
154099
100003468
100005827
100005828
82104
82105
100003880
100003881
100003882
150101
150106
150199
1520
1525
152601
152602
152603
152604
152605
152606
152607
152608
1526099
1531
1535
37042004
100004781
100004782
100004783
100004777
100004778
100004779
100004780
100005829
100005830
100005831
190000087
100006665
100006666
100006667
100006668
100006669
100006670
100006671
100006672
100006673
100006674
100006675
100006676
100006677
100006678
100002911
100002919
100002920
100002931
100002962
100002966
100002971
100002972
100005392
100005446
161104
161201
161204
100002994
100003003
100003004
100003005
100003006
100003065
100003066
100003068
100003069
100003070
100003071
100003072
100004475
1614
161315
217
100010595
100010597
100010598
100010599
100010611
100003664
100008884
118
119
1704
1706
1729
1730
1732
1733
1735
1736
1737
1905
150404
1708
1710
1711
1712
1713
1714
1715
1716
1717
1718
1719
1720
1723
1743
1744
100001608
100001617
190000171
190000176
100001768
100001776
100001780
100001782
100001788
100001825
100001826
100001828
100001829
100001830
100001831
203101
203103
203105
203106
100005584
100005587
100005833
2042
100005361
100005362
100005364
100005365
100005366
100005368
100005369
100005370
100005884
100007199
2008
2027
100000351
100005391
100005395
100005419
100005845
100006064
100006077
100006078
100006079
100007347
100007118
100007141
100005400
100005403
100005405
100005406
100005407
100006483
100005411
100005413
100005414
100005415
100005420
100005718
100005421
1809
2002
180601
180605
100005429
100005433
100005707
100005471
100005472
100005473
100005474
100005476
100005480
100005703
100005869
100005706
100005709
100005710
100007471
100005487
100005488
100005491
100005493
100005497
100005500
100005501
100005508
100005510
100005513
100005515
100005518
100005519
100005520
100005526
100005802
202102
202104
202105
202106
100005700
100006091
190000211
2039
200603
100005530
100005531
100005533
100005535
100005536
100005844
100007469
100007472
100005539
100005541
100005542
100005543
100005544
100005545
100005546
100005879
100007482
100007483
100005552
100005554
100005555
100005558
100005559
100005560
100005776
100006465
100005566
100005567
100005569
100005570
100006086
100006466
100005572
100005574
100007351
100005702
100006478
100005589
100005601
100005604
100005605
100005606
100006067
100007473
100007474
100007475
100005711
100005876
100005877
100005881
100005882
100005883
100007349
100006479
100006481
100007476
100005651
100005652
100005655
2048
2049
100005664
100005665
100005667
100005668
100005669
100005670
100005671
100005672
100005713
100005682
100005683
100005685
100006464
100005714
501
2102
210399
21110701
21110702
21110703
21110704
190000181
2110
211202
211203
211204
211205
211206
211299
100004066
211301
211302
211303
211304
211305
211306
211307
211308
211309
211310
211399
2114
2115
2117
2138
213901
213999
21111104
21111113
100003223
2140
2142
2202
2209
2213
150415
211103
2126
211114
21110601
21110602
21110603
21110604
21110605
21110699
100003309
100003311
21110707
21110708
21110712
21110799
211110
21111101
21111102
21111103
21111112
21111199
21111108
21111109
21111110
100005695
100009279
21111106
21111111
100003221
211112
21200201
21200202
21200203
21200299
100003181
21110705
21110710
21110711
21110788
100005525
21110709
21111107
21200204
100001129
2101
211109
211201
2104
2105
2106
2108
2119
2107
212001
212003
212004
212099
2121
2122
2123
50908
100003169
100003170
100003174
2124
2125
2127
2128
2129
211101
2131
2132
2133
100003182
100003183
100003184
2137
211108
100003212
100003213
100005450
211603
211604
211605
211699
100003225
100003227
100003228
2141
211102
100003230
211113
100003152
211104
211105
100003177
2302
2303
2305
2311
2312
2314
2316
2318
2201
3502
3599
100002844
100002845
100002846
230107
230111
230603
230604
230606
230607
230608
230609
230615
230616
230620
230699
231906
231910
232002
232003
232004
232006
232007
23190204
23190206
23190303
23190403
23190405
23190903
100000343
100000379
100001126
100001208
100001210
813
2310
3507
3508
3509
3598
190000091
2401
2402
2403
2405
2499
2502
2503
2505
2506
2507
2508
2206
2802
2803
2804
4344
4346
280501
280502
280505
280509
280510
280523
280530
280531
280532
280533
280534
280535
280536
280537
280538
280599
280601
280606
280609
280611
280613
280615
280701
280702
280703
280704
280706
280707
280709
280710
280799
283410
2811
2812
2813
2815
280610
281901
281905
281906
281907
281909
281918
281920
281921
2823
2825
1443
4343
280513
280514
283120
283121
283122
283124
283125
283199
2832
512
524
715
1623
1910
2317
2703
2704
2705
2706
2708
2710
2711
2712
2713
2714
2716
2717
2718
2719
2720
2721
2725
2728
2828
3108
3401
3501
3707
3809
3903
4110
4208
4342
4345
4412
8003
8010
32219
33910
142013
153716
281917
283399
360970
361140
361290
362840
100008698
100008699
2830
283401
283402
283403
283499
2838
2839
2840
2841
284201
284202
284204
284299
284301
284302
284303
284304
290301
290302
290303
290304
290305
290306
290307
290308
290309
290310
290311
290312
290313
290314
290315
290316
290318
290328
290331
290332
290333
290399
280604
100004560
100007865
2601
2605
2607
2610
2614
2621
2622
2624
2629
2631
100001721
100001722
100001723
100001724
100001725
2625
100001731
100001733
100001734
100001735
100006333
2630
2632
100001736
100001737
100001738
100001739
2628
100001742
100001754
100001755
100001756
100001757
2616
100001760
100001761
100001762
100001793
100002957
100001765
100001766
100001775
100001777
100001778
2615
2623
2626
100001784
100001786
100001787
100001790
100001791
100004476
100001740
100001741
100001763
100001764
100001781
100006335
100006336
100009508
300501
300502
300503
300504
300506
300507
300599
300601
300602
300603
300699
300701
300702
300703
300704
300705
300706
300707
300709
300710
300799
3008
300901
300902
300903
300904
300905
300906
300907
300908
300909
300910
300911
300912
300999
3010
301101
301102
301103
301104
301105
301106
301107
301108
301199
15010508
3012
3014
301501
301502
301503
301504
301505
301506
301507
301508
301509
301510
301599
3016
3019
3029
303001
303002
303003
303004
303005
303006
303007
303008
303099
301001
301002
301003
120204
120205
120214
120215
120228
120230
120231
100001026
100001027
100001028
100004524
1203
121201
121203
121204
121206
121207
121208
121209
121210
121299
100001119
100001120
100001121
100006508
100006510
120223
121301
121303
121304
121305
121399
100001094
100001095
100001096
100001098
100001099
100001100
100001101
100001102
100004502
120209
120222
120224
121599
100001123
100005331
340404
340405
340406
340407
340408
100001013
100001014
100001015
100001016
100001017
100001018
100001019
100001020
100003314
100004286
100004503
100006482
100006507
100006509
190000113
340601
340603
340604
340605
340606
340699
100001662
100001664
100001668
100001672
100001675
100001696
100001697
100004786
100006492
100006493
100006496
100006497
100006498
100006499
100006500
100006501
100006502
100006503
100008764
340701
340702
340703
340704
340799
100001091
100001092
340801
340802
340803
340804
340805
340806
340807
340808
340899
1210
3403
340901
340902
340905
340906
340999
3411
12809
120201
120206
120211
12020301
12020302
12020303
12020304
12020305
12020306
12020307
12020399
120212
120216
120601
120602
120603
120604
120605
120606
120607
120699
121888
100001610
100002896
100002897
100004517
120207
12020801
12020803
100001061
100001201
100004518
100001200
1214
120213
120801
120802
100003186
100003187
100003188
100003189
100003190
100003191
100003192
100003194
100003195
100003196
100003197
100003198
100003199
100003200
100003201
100003202
100003203
100003205
100003207
100003208
100003209
150911
152406
360950
100002831
100002847
100002848
100002852
100002854
100007299
100007306
100007315
100007318
100007319
100007320
100007321
100007322
100007323
100007324
100007326
100007328
100007329
100007330
100007331
100007340
100007343
100007344
100007345
361120
100002857
100002858
100002859
100002860
100002861
100007346
100010612
190000172
33902
361210
361220
361230
361240
361250
361260
36127010
36127020
36127030
36127040
36127099
361280
361299
100010591
53002
53003
150413
390201
390202
390303
39050204
100010569
100010571
100010572
3999
150408
390401
390403
390404
390405
390406
390407
15040202
15040204
100010526
150403
39050501
39050502
39050503
39050504
39050505
39050506
39050507
39050508
39050509
39050510
100010528
100010529
100010469
100010470
100010471
100010472
100010473
100010474
100010475
100010476
100010477
100010478
100010479
100010481
100010482
100010483
100010484
100010485
100010486
100010487
100010488
100010489
100010490
100010491
100010492
100010493
100010495
100010496
100010497
100010498
100010499
100010500
100010501
100010502
100010503
39050101
39050102
100010505
100010506
100010507
100010508
100010509
100010510
100010511
100010512
100010513
100010515
100010516
100010517
100010518
100010519
100010520
100010521
100010522
100010523
100010524
100010525
190000101
190000123
190000124
190000125
190000129
190000130
190000134
190000135
190000137
190000138
190000139
190000142
190000146
190000147
190000151
190000152
190000153
190000156
190000157
39050203
39050205
39050206
39050208
39050209
100010531
100010532
100010533
100010534
100010535
100010536
100010537
100010538
100010539
190000098
190000110
190000115
39050201
39050210
100010541
100010542
100010543
100010544
100010545
100010546
100010547
100010548
100010549
100010550
100010552
100010553
100010554
100010555
100010556
100010557
100010559
100010560
100010561
100010562
100010563
100010564
150410
150411
39050301
39050302
100010566
100010567
100010568
1407
142701
142702
142703
142705
142706
142707
142708
142709
142799
143301
143302
143303
143304
143305
143306
143399
14560101
14560102
14560103
14560104
14560199
100004505
14560201
14560202
14560203
14560204
14560299
145604
145607
145608
145609
145610
145699
100004515
100005064
1458
1460
146901
146902
146903
146904
146909
146910
146911
146999
100004288
100004289
100004290
100004291
100004292
100004293
100004295
100004296
100004297
100004464
1473
4101
4102
4106
4107
4108
4109
4111
4113
131006
146907
100004466
100004467
100004468
100004469
100004470
100004471
100004508
100004509
100004510
100004511
100004512
100004513
100004516
100004566
100004567
100004568
100004569
100004570
100004571
100004572
100004573
100004574
100004576
100007153
100007154
100007155
100007156
100007158
100007159
100007160
100007211
100007212
100007213
100007215
100007216
100007218
100007219
100007220
100007221
100007222
100007223
100007224
100007225
100009173
100009174
100009175
100009176
100009177
100009179
100009180
100009181
100009182
100009183
100009184
100009185
100009186
100009187
100009188
100009189
100009190
100009191
100009192
100007519
4104
100008953
100008954
100008955
100008956
190000180
190000186
1428
1455
145901
145902
145903
145904
145905
145906
145907
145999
1466
4201
4202
4203
4204
4206
4207
4209
4299
100011035
100011036
100011037
1355
132611
132699
100007173
100007176
132601
132609
132610
132612
100007172
100007174
100010681
100010682
100010683
100010684
100010685
100010708
1236
1237
100010659
100010660
100010661
132604
132605
100007175
100007316
100007317
100010662
100010663
100010664
100010665
100010666
100010676
100010677
100010678
100010817
100010818
100010819
100010822
132602
132603
132606
132608
1408
4337
142602
142603
142604
142605
142606
142607
142699
100007302
100007303
100008790
100010737
100010738
100010739
4338
143101
143102
143103
143104
100007228
100007229
100007230
100007231
100007232
100007233
100007234
100010740
100010741
100010742
100010743
100010744
100010745
100010746
100010747
3709
4318
153001
153002
153003
153005
153099
100010670
100010671
100010672
4315
431401
431402
431403
431404
431405
431406
431407
431499
4323
4325
4326
100010687
100010688
100010689
100010690
100010691
190000060
4399
1437
1465
100007143
100007144
100007145
100007146
100007147
100007148
100007149
100007150
144001
144002
144003
144005
144006
144007
144008
144009
144010
144011
144012
144099
100010808
100010809
100010810
100010811
100010812
100010813
100010814
142601
100007189
100007190
100007191
100007192
100007193
100007203
100007205
100007206
100007207
100007209
100010692
100007204
100007214
4317
100007238
100007239
100007240
100007241
100007242
100007243
100007246
100007249
100007250
190000080
100007248
100007263
100007264
100007265
100009280
100009281
100007266
100007515
4316
100010709
100010710
100010711
100010712
100010713
100010714
100010715
100010716
100010717
100010718
100010719
100010720
100010721
100010722
100010646
100010647
100010648
100007245
100010651
100010650
137
12801
12802
12803
12804
12805
12806
12807
12808
12899
13104
100007244
100007305
100010632
100010633
100010634
100010635
100010636
100010637
100010638
129
134
1415
1419
100007168
4320
100007280
100007281
100007282
100007283
100007284
100007285
100007286
100007287
100007288
100010828
100010829
100010830
100010831
100007292
100010641
100010642
100010643
100010644
100010821
190000063
190000064
190000065
190000067
190000068
190000069
190000071
190000072
190000073
190000077
190000078
100010820
190000093
329
33001
33002
33003
33004
33005
33007
33009
33099
100010723
100011023
41601
41602
41603
41604
41605
41606
41607
41608
41699
100010731
100010732
100010733
100010734
100010735
100010736
430401
430402
430403
430499
4306
33008
33908
33909
34401
34402
34403
34499
100010724
100010725
100010726
100010727
100010728
4302
4303
4305
4307
4308
4310
4311
4347
4312
141601
141602
141603
141605
141606
141607
141608
141609
141610
141699
100010838
4313
100007308
100007309
100007310
100007311
100007312
100007313
100007314
190000097
144004
100007523
100010748
100010749
100010750
100010751
100010752
100010753
100010754
4321
100007478
100007479
3808
4301
4348
33907
100010755
100010756
100010757
100010759
100010760
100010761
100010762
100010763
100010764
100010765
100010766
100010767
100010768
100010769
100010770
100010816
4322
100007480
100007481
100010771
100010773
100010774
100010775
100010776
100010777
100010778
100010779
100010780
100010781
100010833
190000088
190000202
2308
4327
4328
147103
147105
100010782
100010783
1480
4330
4334
147199
147102
147104
147106
147107
147108
147110
147111
100010784
100010823
100010824
100010825
100010826
100010827
147101
100010785
100010786
100010787
100010788
100010789
100009283
100010702
100010872
1409
1410
1435
1457
142905
142906
142907
142908
100007169
100010675
100010795
100010796
100010797
100007151
100007162
100007163
100007164
100007165
100007166
100007298
100010798
1401
100007295
100007296
100007297
100007465
1439
100010790
100010791
100010792
100010793
100010794
1418
100010799
100010800
100010801
100010802
100010803
100010804
100010805
100010806
100010807
1430
1432
1414
1421
100010832
190000231
151301
151302
151304
151305
151399
15010503
330501
330502
330503
330504
330505
330506
330507
330599
100000620
330601
330604
330605
330606
330607
330608
330610
330611
330612
330613
330614
330615
330616
330699
16080701
16080702
100000642
100000643
100000644
100000646
100000648
100002878
100010622
330899
330801
100000631
100000636
100000663
330811
330812
100000632
100000638
100000641
330803
330804
330806
330807
330809
330814
330815
66010101
100000633
100000634
100000635
330808
330813
100000637
100000639
100000640
66010103
66010105
66010107
66010108
66010109
66010110
66010111
66010112
66010113
66010114
66010115
66010199
100000605
100000606
100000607
100000608
100000609
100000610
100000611
100000612
100000613
100000614
66010201
66010202
66010299
66010301
66010303
66010304
66010305
66010306
66010307
66010308
66010309
66010310
66010312
66010313
66010314
66010316
66010399
100000627
100000628
660202
66010401
66010403
66010404
66010405
66010406
66010407
66010408
66010409
66010410
66010499
100000629
100000630
660106
66010501
66010502
66010503
66010504
66010505
66010506
66010507
66010508
66010599
100000619
660199
82103
66020101
66020102
66020104
66020105
66020199
100000601
100000602
100000603
100000604
100000645
66020401
66020402
66020499
66030103
66030110
66030115
100000621
617
66030101
66030102
66030105
66030106
66030107
66030108
66030109
66030111
66030112
66030113
66030114
66030199
100000623
3314
330609
660303
66010102
66030201
66030202
66030203
66030299
100000625
100000626
100004787
100004788
3390113
66030104
100000624
100003464
100003465
100003466
66010402
100000649
100000650
100000651
100000652
100000653
100000654
100000655
100000656
100000658
100000659
100000660
100000661
100000662
800201
800202
800203
807001
807002
807003
807004
807005
807006
807007
807008
807009
807010
807011
807012
807013
807014
807015
807016
807017
807018
807019
807020
807021
807099
80801
80802
80803
80804
80805
80806
80807
80808
80809
80810
80811
80812
80813
80899
8004
131002
800501
800502
800503
800504
800505
800506
800507
800508
800509
800510
800599
8006
8007
8008
8009
8011
801201
801202
801203
801204
801205
801206
801207
801208
801209
801299
8013
8014
32203
32204
32205
32206
32211
3220801
3220802
3220803
3220804
3220899
3220901
3220902
3220903
3220904
3220999
3221004
3221005
3221006
3221007
3221008
3221010
3221011
3221012
3221013
3221014
3221015
3221099
32210031
32210032
32210033
32210034
100001674
100001676
100001688
100001692
100004488
32213
32216
32217
32220
32221
32299
100001636
100001647
100001656
100004067
100004559
32401
32402
32403
32404
32405
32406
32407
32408
32499
3280101
3280102
3280103
3280104
3280105
3280106
3280107
3280108
3280109
3280110
3280111
3280199
33903
32701
32702
32703
32704
32705
32706
32707
32708
32709
32710
32799
100009274
100009275
100009276
100009277
3390101
3390102
3390103
3390104
3390105
3390106
3390107
3390108
3390109
3390110
3390111
3390112
3390199
3390401
3390499
32501
32502
32503
32504
32505
32506
32599
3261
3262
3263
3264
3265
36090310
33906
33911
33912
3391301
3391302
3391399
504
515
523
141910
400101
400102
400103
400104
400105
400106
400107
400199
4002
522
525
141903
141915
400301
400399
541
400401
400499
40050401
40050402
40050403
40050404
40050405
40050499
5001
141908
400502
400503
400599
4099
150407
150412
50502
50503
50504
50505
50599
620
1911
190401
190402
190403
190404
190405
15370706
15370707
15370708
15370709
15370711
15370799
100005696
14200601
14200602
14200603
14200604
14200605
14200699
15370101
15370102
15370103
15370104
15370105
15370106
15370199
153702
52802
15370301
15370302
15370304
15370305
15370306
15370307
15370308
15370309
15370310
15370399
15370401
15370402
15370404
15370405
15370499
153705
15370601
15370602
15370603
15370604
15370605
15370699
15370801
15370802
15370803
15370804
15370805
15370899
153709
153710
153711
153712
153713
153714
153715
153717
153718
5092101
50902
50913
50916
5091001
5091003
5091005
5091006
5091099
50905
50911
50912
50914
50920
5092201
5092203
5092204
5092205
5092206
5092301
190000081
51001
51002
51003
51004
51005
51006
51007
51099
240601
240603
240605
240607
240699
100009228
2818
2826
28191901
28191902
28191903
28191904
28191905
28191906
28191907
28191909
28191910
28191911
28290101
28290103
28290104
28290105
28290106
28290199
142902
28290301
28290302
28290303
28290304
28290305
28290307
28290308
28290310
28290312
28290313
28290315
28290399
282904
282905
282914
282999
141701
141704
141705
141707
141708
141709
141710
141711
141712
141714
141715
141716
141799
14200512
14200514
100006468
100006471
100006472
100006473
100006474
100006475
100006476
100006477
100007512
100007513
100011038
1250302
1250303
1250304
1250306
1250307
1250308
1250309
1250310
1250313
1250314
1250315
100001837
100001839
100001840
100001842
100001843
100001844
142001
14200301
14200302
14200303
14200304
14200305
14200306
14200307
14200308
14200309
14200310
14200311
14200399
100007487
142011
142012
142014
142015
14201601
14201603
14201604
14201605
14201699
142099
100007489
100007490
100007491
100007492
100007493
100007488
100007499
100007501
100007520
100007505
100007506
100007507
100007508
100007509
100009282
142903
142904
142910
100007170
190000102
370802
370803
370804
3708099
100001025
3712
37013001
37013003
37013004
37013005
37013006
37013007
37013008
37013099
100001058
100001059
100001064
370120
370199
370220
370230
370250
100001035
100001036
100001037
100001038
100001039
100001040
100001041
100001042
100001043
100001044
100001045
100001046
100001047
100001048
100001049
100001051
100001053
100001054
100009507
100001067
100001068
100001069
100001070
100001071
100001072
100001074
100001075
100001076
100001077
100001078
100001079
100001080
100001081
100001082
100008844
370410
370499
37042001
37042002
37042003
37042005
37042006
37042007
100001021
100003016
100003017
37031099
37032001
37032002
37032003
37032004
37032005
37032006
37032099
37033001
37033002
37033003
37033004
37033099
37034001
37034002
37034003
37034004
37034005
37034006
37034007
37034008
37034009
37034010
37034011
37034012
37034099
100003015
370350
370399
371101
371102
371103
371104
371105
371106
371107
3711099
150399
100003022
100003023
100003024
100003025
100003026
100003027
100008927
100003029
100003030
100003031
100003032
152402
380110
380199
380299
152405
380310
380399
100001877
100001878
152407
152408
380510
380520
380530
380540
380599
100001870
100001871
152401
152410
380610
380630
380650
380699
3807
3810
380410
380420
380430
380499
152409
152499
100001867
100001868
100001869
100002856