145
13101
13102
13103
13105
13199
13001
13002
100007201
13003
13004
13099
190000196
138
100002818
112
110
100000396
100000398
10501
10504
10505
100000399
10599
100000400
10507
10506
10502
10503
10301
100000665
10302
10303
10304
10305
10306
10307
100007195
100000666
10308
100003331
10309
10310
10311
10312
100003332
10313
10314
10315
10316
10317
10399
1020201
1020202
1020203
1020204
1020603
1020205
1020206
1020207
100007116
100007117
10206
1020601
1020208
1020602
10204
100002863
1020209
100002850
1020401
1020210
1020211
1020299
10101
10102
10103
10104
10105
10199
100007198
10106
10107
10108
10109
100009208
10603
10605
10401
10402
10403
10404
10405
10406
10407
10408
10409
100005319
10499
10410
10411
10412
10413
10416
10415
10414
121
126
100002810
100002866
135
20605
13699
20602
100002865
20603
20604
100002864
20606
20607
100009257
20608
20609
20610
20611
100010576
141
132
142
12305
143
146
147
10508
127670027
127654031
127670028
127688038
127682037
127680036
201153501
127660036
127660037
127664032
127678025
201153601
127682029
127668032
201149304
127678023
127658026
127666034
127688040
127658027
127694021
127692030
127670030
127654033
201148802
127678026
201152503
127674033
127676027
127674034
127682030
127672021
127694022
127680037
31110
31111
127682031
32811
190000136
190000128
32802
32810
3280501
32812
100005732
100005734
100005737
32807
100005738
100005731
32803
100005873
100010600
3280502
32899
100005735
32813
32809
32814
32815
100005739
100005741
31207
32816
3280604
32806
127726010
35399
35301
35302
35303
354
100005721
31008
100005804
31002
100005720
31003
31005
31006
31007
100005719
100005722
127726321
31009
31010
31011
100005803
31099
127734133
127734132
127734135
127734136
127734146
127734137
201152102
201152701
348
127734138
127734139
127734134
201150902
127734140
201152901
201150202
127734141
127734143
127734142
127734145
31202
127658030
127652036
127656034
201153101
201153001
100005745
201149203
201149603
100005746
100005747
100005748
100005749
100005750
100005751
100005727
201149303
100005728
201148102
100005729
100005730
30799
30701
347
100005770
100005774
100005775
100005777
100005785
100005778
100005779
100005780
127666048
100005782
100005783
100005784
280503
355
333
335
337
100005760
100005761
100005762
343
100005763
100005764
30101
100005765
30102
30103
30199
30109
100005766
30106
100005767
340
100005768
127662040
30108
201153301
32003
100005788
201153401
201150102
32099
32001
201148303
32002
100005866
201149403
100005789
32005
201150801
201153104
201150004
201149702
201152201
201152603
201148702
201151402
201149802
201150802
201152401
201154701
201150503
201149502
201152301
201153702
201152101
201149003
201149102
201147902
201150701
100005874
100005754
100005756
100005757
127690041
127680048
127734123
127734124
314
127734119
127734118
127734120
127734121
127734122
201150601
127734125
127734126
127734128
127734127
127694038
201152302
31203
100005771
201152501
31205
201148302
351
127654043
127666047
127662039
127734131
100005790
100005791
100009271
100005792
32004
100007196
127694039
127688041
349
100000603
154001
100000602
100000601
66020101
66020102
100000645
100000604
66020104
66020199
66020105
82103
201154109
201152811
100000605
100000606
201154710
66010105
66010110
100000607
100000608
66010107
100000609
100000610
66010199
66010108
66010109
66010111
66010112
100000611
66010113
100000612
66010114
201151109
66010115
100000619
660106
66010599
66010501
66010504
66010502
66010503
66010505
66010508
66010506
66010507
100000653
100000651
100000654
100000655
100000652
100000656
100000658
100000662
100000659
100000660
100000661
66010201
66010299
66010202
127726001
66020401
127726005
127726002
127726004
66020499
66030115
127726003
66030110
127682041
66030101
200770007
100000623
200814003
66030106
66030107
66030108
200766003
66030113
66030114
127658023
127896008
201152707
201152607
201154512
201155107
201150810
201149611
201152310
100003466
201155106
201153205
201154410
201148507
201150108
201151611
201150109
127726011
127726007
66010316
66010303
66010304
127734011
66010305
127726019
127734012
127734008
66010301
127734007
127726015
127726016
127726018
127734010
127734009
66010307
66010308
66010309
66010310
127734013
66010312
66010313
66010399
66010401
660202
100000630
127726020
66010403
66010410
66010404
100000629
127726021
66010405
127726029
66010408
66010409
66010407
127726022
100000631
330801
100000636
127726023
100000663
330808
100000637
330813
127726024
100000640
100000639
100000641
100000632
330811
330812
127726025
100000638
200798005
127726027
330803
330804
330814
330806
100000633
330807
100000634
330809
100000635
127726026
330815
127726028
200766002
100000620
330502
330599
330503
200840002
330505
330507
127726325
15010503
151302
151399
151305
151304
151301
100000626
100004787
330609
66030299
66030202
100000625
66030203
66030201
100004788
100000650
100002878
100010622
330601
100000644
16080702
16080701
127734014
100000643
330616
330604
330605
127734015
127734022
127726017
330608
100000642
127734016
100000648
330611
330613
100000646
330610
127734018
127734017
127734020
127734021
127726037
330612
127734019
330614
330615
66010402
127726038
127726039
281901
280610
281920
281905
281918
281921
281907
281909
281906
281917
2703
2705
3401
3809
1623
2710
362840
715
2714
4412
524
512
2712
2725
361290
33910
2704
3707
4110
2828
2718
4208
2717
2708
2716
360970
3903
4342
100008699
4345
153716
2711
2720
283399
2721
1910
8003
3501
2317
3108
8010
2728
32219
2719
2706
142013
2713
100008698
361140
2804
2802
2803
2403
2405
2401
2499
2402
283403
2830
283402
283499
283401
284204
284299
284202
284201
2841
280615
280601
280613
280611
280609
280606
280604
283122
280513
1443
283121
283120
280514
4343
283199
283124
283125
2815
2206
2813
2840
2839
280701
280709
280706
280707
280799
280702
280703
283410
280710
280704
2825
2812
280501
280537
280505
280531
280502
280532
280534
280536
280533
4344
4346
280530
280509
280599
280523
280510
280538
280535
290301
290303
290308
290307
290313
290305
290310
290318
290311
290302
290316
290306
290315
290314
290309
290399
290331
290333
290328
290304
290332
290312
2838
2823
2832
284303
284304
284301
284302
100007865
100004560
2508
2503
2502
2505
2506
2507
2811
100007202
190000226
100003279
100003274
11503
100006075
11502
11599
11505
11507
11506
200898001
200896001
200820004
200810001
200900001
200902001
80308
80309
80306
80307
80311
80305
100006070
80310
80301
80312
190000057
190000053
190000054
190000058
831
100003282
817
100003469
833
100004068
82102
80202
80205
80201
8020302
100005878
100006065
8020305
100003243
100003241
8020313
100006068
100003242
8020315
8020316
100003102
100006066
80207
100003270
82602
82603
82604
82608
82609
100004278
100004275
82610
100004276
82611
82612
100004274
100004272
100004269
82699
100004279
82615
82619
824
100006083
830
190000094
100003470
814
100006082
190000089
190000118
190000074
190000117
190000103
100006264
100006341
100006342
100007131
100007126
100007132
100007129
100007128
100007124
100007125
100007130
100007120
100007121
100007122
130110
130180
100006313
100007139
100007076
100007077
100007081
100007080
100007078
100007138
100007137
100007079
100007140
100007107
100007106
1302
100007105
100007090
100007089
100007091
100007086
100007085
100007095
100007092
100007093
100007094
100007109
100006321
100006322
100006323
130107
130120
100006338
100007135
130113
100007084
100006314
100007087
100006315
100007088
130184
100006317
130108
130124
1341
131401
100005345
131403
100007096
1315
100007101
100007100
1340
131210
100005278
100005277
100005279
100005280
1343
1305
15380301
15380303
15380304
15380305
15380306
15380307
15380308
15380309
15380310
15380311
15380312
15380313
15380314
1336
15380315
15380316
15380399
100007102
1356
1357
100005283
100005284
100005285
100005286
100005287
1360
1208
1361
1362
100007103
1363
1364
100007068
100007097
100007098
100005290
100007069
100006276
100006277
100006278
100006279
100006280
100006281
100006282
100006283
100006284
1353
100007133
100005295
100007134
1335
1354
133001
100007350
133002
133003
100005300
100005302
1351
100005303
1349
100005304
1308
100005305
100005306
100005307
100005308
1350
1320
1316
1338
1325
1333
100005321
100005322
100005323
100005333
3101
190000166
3102
3103
3110
3104
3105
3109
3113
3106
3111
3112
3107
100005336
100005337
100005339
1358
1359
100006292
100006300
100006301
100006302
100006303
100006304
100006305
100006293
100007119
100006294
100006295
100006296
100006297
100006298
100006306
100006307
100006308
100006309
100007110
100006311
131205
100007082
100007111
100006287
100005437
100005445
100005442
100005436
100005444
100005441
100005447
100005449
100005443
100005432
100007171
1303
100010575
100005347
100005452
100005348
127688046
127680040
190301
100010901
190303
100009284
190304
190305
100010897
380210
1909
4401
1901
1908
100010898
100010902
100010903
100010904
190399
100010905
100010899
100010900
100010896
190307
1902
100010916
14190401
100010893
100010919
100010911
100010894
4407
100000433
4409
100000432
100010912
4406
63708
100000346
100010895
127820001
4408
708031
100009249
711006
720
708042
701
708041
100005326
100005324
708044
711001
7172
100005330
708021
708024
70802
100005329
721
190000114
702
70803
7080401
127756006
100005325
708045
70805
708023
100005328
70803004
70803002
70803005
100005327
711004
70899
707
717
70807
705
70901
70803003
380250
704
2118
711002
70803001
7101
703
712
708043
100010613
100010614
100009272
127822001
7171
708032
70811
703001
63705
200786002
200788002
200794001
200796001
200798001
200794004
127662034
127660039
127696030
127676039
127682040
127652042
127652043
127654036
200818004
200822003
200788006
200782004
200770005
200830002
200776005
200832002
200788007
200796002
200804001
200802001
200800001
200782002
2204
2212
63701
100000335
4402
100010918
604
632
635
63707
63799
634
100000344
380230
5093004
5093005
127820002
5093099
50907
50906
5092103
5904001
5904003
5904004
5904002
5093003
4499
636
63702
380220
63704
100010910
380240
63710
63712
63703
100010908
100010909
4403
212001
212099
212003
2107
212004
127652040
127656043
127690031
127666038
127734060
127660038
127684037
127688045
127818001
127676035
127734058
518
5092399
5090502
5092302
5092303
5092102
100010914
18060303
180604
100010906
70801
18060304
100010913
18060399
100010915
100010907
180606
380260
52801
410101
1507
52803
52807
52805
1009
14190102
14190101
14190199
14190104
14190103
52802
15370301
15370304
15370305
15370306
15370399
15370302
15370307
15370308
15370309
15370310
141905
14190409
201155409
410612
410401
410402
410404
410403
410405
410499
141914
526
153702
150512
4103
540
201153808
201153114
516
201148910
4105
141909
620
141907
100007154
100007153
100007159
100007158
100007156
100007160
100007155
14191103
14191102
14191108
141913
14191101
201154606
14191106
14191107
527
100799
52806
201148305
100704
100705
201148106
201155302
410601
410602
410603
100008904
410699
410604
410605
410606
410607
410608
410609
410610
410611
14190404
14190405
14190402
14190407
14190499
14190408
14190410
14191201
14191203
14191204
14191205
14191206
14191207
14191202
201151616
14191299
100009278
14191208
14191209
400101
400102
400103
400104
400199
141910
400105
523
400106
400107
150412
400301
141915
141903
525
400399
522
504
150407
4002
515
400401
541
400499
4099
5001
141908
14191105
400599
40050401
40050402
40050403
40050499
40050404
40050405
400502
400503
100002827
100002825
122
1002
1005
100107
100110
100002932
100002933
100002936
100002934
100003100
1003
1011
100105
100102
100002876
100111
100104
100002877
100106
100002824
1107
3299
110503
110505
110501
110504
1106
100004570
100004567
100004568
100004571
4111
100004569
100004566
153717
153718
4209
1458
100004574
100004572
142014
142015
100004573
4108
4107
3391301
3391302
3391399
3280101
3280102
3280103
3280104
3280105
3280106
3280199
3280107
3280108
3280109
3280110
3280111
3390401
32401
32402
32403
32404
32405
32406
32407
32499
32408
3390101
3390102
3390103
3390104
3390105
3390106
3390107
3390108
3390109
3390110
3390111
3390199
3390112
32701
32702
32703
32704
32705
32706
100009275
100009276
100009277
32799
32707
32708
100009274
32709
32710
200770004
3390499
33906
32501
32502
32503
32504
32599
32505
32506
3264
3265
3263
3262
3261
36090310
20401
20404
100000383
20406
20407
20402
100009009
20405
20408
20410
20411
20412
20413
100009010
100009006
100009005
100009013
100009008
100009016
100009017
21801
21802
100009022
21803
100009024
100001093
21804
100001103
100009025
100005318
100009002
20703
20704
100002868
21401
228
21402
10205
100009029
100009042
100009031
100009053
237
23604
100009252
20901
20903
20904
20905
20902
20907
20910
20906
20908
20909
20911
100009062
100009067
100009071
208
100007226
100007262
100008997
100003281
100009014
100007291
100001104
226
100009011
229
21301
100000672
23801
100009021
100009023
300
100009026
201
23802
100009027
100009059
100009068
100009083
100009087
100009089
100009090
100008990
21601
21602
21603
100008991
100008989
100008992
100008988
100008993
100009127
100009116
100009117
100009112
100009114
100009115
100008995
100008996
100008999
100001873
100008994
100009169
100009128
100009126
100009120
100009122
100009123
100009125
100009124
100009121
100009111
100009110
100009113
225
10908
100009092
10901
100008998
100007327
100002900
100009096
10902
100009093
100009094
100007260
10907
10903
10909
100009097
10905
100009043
100009049
100007290
21202
100009054
100002883
21204
21205
100009108
100009038
100009151
21206
205
21207
100009105
100009104
100009106
100009091
100009099
23603
100009095
100009098
100007261
100009086
29101
28901
29102
29104
100009079
29103
100007273
100009088
100007278
100007270
100007274
100007275
100007486
100007276
100007277
10201
10203
100000427
100001035
100001038
100001037
100001036
100001039
100001040
100001041
100001042
100001043
100001044
100001045
100001046
100001047
100001048
100001049
100009507
100001051
100001053
100001054
100008844
370220
370230
37013001
100001058
100001059
37013003
37013005
37013006
37013008
37013007
100001064
37013099
37013004
370199
100001070
100001067
100001069
100001068
100001071
100001074
100001075
100001077
100001076
100001072
100001078
100001082
100001079
100001080
100001081
370120
370250
3712
371101
371107
371102
371103
371104
371105
371106
3711099
370804
370802
370803
3708099
100001025
37031099
37032003
37032004
37032005
37032001
37032006
37032099
37032002
37033002
37033003
37033004
37033099
37033001
370350
37034001
37034003
37034005
37034006
37034007
100003015
37034002
37034004
37034012
37034009
37034099
37034008
37034010
37034011
370399
100003022
100003023
127726070
100003029
100003025
100003030
100008927
100003026
127726069
150399
370410
100003016
37042001
100003017
37042003
370499
37042002
37042006
37042007
37042005
100001021
1730
1706
150404
1710
190000176
1718
1714
190000171
1713
1719
100001608
1716
1723
1715
1717
1712
1720
1711
1743
100001617
1708
1744
100001825
100001826
100001828
100001829
100001830
100001831
1733
100001768
1735
100001776
100001780
1732
100001782
1736
1737
1729
1704
1905
100001788
161315
1614
119
118
100010595
100010597
200770008
100010598
217
100008884
100003006
100003003
100002994
100003004
161104
100003069
100003066
127866004
127900002
127842008
100003065
127886005
100003072
127826009
161204
100003071
127832010
161201
127866001
127870001
127924001
127868001
100003005
100002911
100002971
100002966
100002920
100005446
100002931
100002962
100005392
100002919
100002972
100003664
127826006
127842003
127820008
127828013
127828012
127850004
127808011
127828011
100005827
154002
154007
154003
154099
154005
100003468
154006
154010
154009
100005828
100001798
100005864
100001789
100002808
100001846
100002820
100002807
12507
100002826
100002819
100001845
100002806
100008969
100001848
100001849
100001807
100005865
100001811
100001806
100001809
100001808
14401
100001805
100004782
37042004
100005872
100005808
100005809
62604
1520
153801
100001835
100001801
100001799
100001816
100001819
100001818
100001817
100001820
100001822
1250317
100001814
100001834
153802
362820
152807
152801
152802
152803
362830
152804
152899
152806
152805
100005824
100004554
100004562
1534
371003
131404
371002
172801
172802
172803
172804
172805
100007521
172806
100007522
15230501
100004267
100004474
154101
154104
100003885
154102
100003886
100003887
100004472
100005829
151401
100005826
151402
151403
151405
82104
82105
100003880
100003882
100003881
151406
151607
151601
151602
151606
151603
151699
151605
151604
151404
151407
151408
151499
100005831
151409
151410
151412
150101
150199
150106
1535
1531
100004781
1525
100004783
100005705
100003041
100003042
100003043
100003044
100003051
100005830
100003046
100003049
100003050
100003054
100003055
100003056
100003058
190000087
100003060
15230302
15230303
15230312
15230301
15230399
100003232
15230306
15230309
100003235
100003236
100003237
15230310
100003288
190000161
152104
152107
100003290
152199
100003289
100003291
100003293
100003292
190000121
100003269
100003283
100003285
190000075
100003284
100003287
100003286
100003239
100003240
100003246
15230409
100003247
100003248
100003249
100003251
100003252
100003253
100003264
100003254
100003255
100003256
100003257
100003267
100003258
100003259
100003260
100003261
100003262
100003263
100003265
127654028
100003327
100003328
100004784
152212
100003330
100003329
152601
152608
152602
152603
152604
152605
152607
1526099
152606
127652032
100006665
100006678
100006666
100006667
100006668
100006669
100006670
100006671
100006672
100006673
100006674
100006675
100006676
100006677
100004780
100004778
100004779
100004777
100003308
100003310
100003313
100003316
100003319
100003317
100003318
152205
100003321
100003324
100003322
100003323
152299
601
613
190000201
624
618
625
100000134
200592004
200538007
200588003
3314
200604003
200596005
66010102
66010103
617
66030109
66030111
660303
200526008
200620001
330506
190000178
100000135
645
646
608
614
1403
100000050
100000108
100000051
100000059
100000109
100000121
100000056
100000115
100000110
100000060
100000122
100000057
100000123
100000052
100000116
100000061
100000065
100000066
100000067
100000068
100000069
100000070
100000071
100000072
100000073
100000074
100000075
100000076
100000077
100000078
100000079
100000080
100000081
100000092
100000082
100000083
100000085
100000086
100000087
100000088
100000089
100000090
100000091
100000093
100000094
100000095
100000096
100000097
100000098
100000099
100000100
100000101
100000103
100000104
100000105
100000106
100000107
100000113
100000117
100000124
100000053
100000111
100000054
100000055
100000114
100000125
100000126
100000127
100000128
100000118
631
100002872
100000129
62602
100000131
62699
64301
100000138
638
100000139
100000140
64305
64318
100000141
100000142
647
100000143
100000147
100000144
100000145
100000146
64313
64304
605
64310
100000149
642
100000370
606
100000151
64314
64303
100000152
639
100000153
615
616
100000154
640
612
64302
100000155
64316
15230408
611
64317
64399
64312
190000206
100000157
64315
64311
100000368
609
64904
64999
64903
603
628
60201
60202
60299
60203
60204
60702
60703
60704
60799
100701
100001125
610
100000162
100000163
648
150403
201148606
201150904
39050501
39050502
39050504
39050505
39050506
39050507
100010529
127892001
39050503
39050509
39050510
190000147
190000129
190000142
190000157
190000135
190000134
190000146
190000137
190000156
190000138
190000124
190000125
190000153
190000130
190000152
190000139
190000123
190000151
100010522
100010518
100010516
100010524
100010517
100010523
100010520
100010519
100010515
100010521
100010525
100010497
100010502
100010501
100010500
100010503
100010495
100010496
100010498
100010499
201149103
100010475
100010473
100010476
100010474
100010478
100010477
100010479
201149608
100010469
100010470
100010472
100010471
100010513
100010505
100010507
100010511
201148308
39050101
100010506
39050102
100010508
100010512
127888001
100010509
201150507
100010510
100010484
201154104
100010485
100010483
100010493
100010490
100010489
201148904
100010488
100010491
100010482
100010486
100010492
100010481
100010487
190000101
127882002
150413
390202
100010571
53002
100010572
390201
39050204
201148704
100010569
53003
127890001
390303
150408
15040202
390401
15040204
100010526
390403
390404
390405
127888002
390406
390407
3999
100010539
201149307
150410
100010531
39050203
39050301
100010535
100010532
39050205
127894001
190000098
190000115
39050206
100010538
100010536
100010537
100010533
201154604
39050208
100010534
39050209
100010542
100010543
100010568
150411
100010566
127894008
100010547
201150807
100010546
100010549
100010541
100010545
100010544
127896001
39050210
100010550
152401
3807
152409
152402
380110
380199
100001868
100002856
100001867
100001869
3810
127844001
380630
380420
380499
380610
380430
380650
152408
380510
152410
152407
100001871
127828002
380410
100001870
380599
380540
380520
380530
100001877
380310
100001878
380399
152405
100010632
134
12801
100010638
127726086
100010634
12802
13104
100010636
100010635
100007305
100010633
129
12803
12804
12805
127726087
12899
12806
12807
137
100007244
100010637
12808
4347
4302
4303
4305
4307
4308
4310
4311
33001
33002
33003
100011023
33004
33007
33099
33005
100010723
329
33009
33908
33909
430401
430499
430402
430403
127656036
127670034
127696026
127672024
127688043
4306
100010726
100010728
100010725
34499
34401
34402
34403
33008
100010724
100010727
41601
100010731
100010735
100010732
41602
100010734
41603
41699
41604
41605
41606
41607
100010736
41608
100010733
100010687
431401
4315
431402
100010690
431404
4326
4323
4325
100010689
431499
431405
100010691
431406
100010688
431403
431407
190000060
4312
141601
141602
141603
100010838
141605
141606
141607
141699
141608
141609
141610
190000097
100007311
100007312
100007310
100007314
4313
100007313
100007309
100007308
1408
1004
1415
1419
100007168
100007292
190000093
100010828
100007280
100007285
100010829
100007282
100007281
100007286
100007283
4320
100010831
100007288
100010830
100007284
100007287
190000072
190000073
190000065
190000069
190000078
100010821
100010641
100010642
100010643
100010644
127726091
190000067
190000063
190000064
190000077
190000071
190000068
127726090
100010820
100007317
100007316
132604
132605
100010662
100007175
127726092
100010663
100007173
1355
100010817
100010676
100010818
100010822
100010819
100010677
100010678
132602
132603
132606
132608
127726093
100010665
1236
100010659
127726326
100010660
100010661
1237
132699
100007176
100010666
132611
100010664
132601
100007174
100010708
100010685
132609
127726095
132610
100007172
100010684
100010681
100010682
132612
100010683
1103
1102
1104
1101
201150008
201154603
201152006
201155103
201153602
201150404
201154304
100007241
4316
100010715
100010712
100010716
100010709
100010717
100010718
100010719
100010710
100010711
100010722
100010721
100010720
100010713
100010714
100007242
100010648
4317
100007240
201151006
201149406
201152007
201154405
201153408
201152509
100007239
100007249
127726096
190000080
100007250
100010646
100010650
100009280
100007264
100007265
100007263
127726097
100009281
100010647
201150205
201153603
201153706
100007266
100007243
100007248
127726098
201149206
100010651
100007245
201153806
201155502
201153404
201151709
201149205
201152508
201148306
201150405
201148109
201152205
201152802
1401
100007295
100007296
100007465
100007297
1409
1410
1414
1421
100010805
1418
100010801
100010802
100010799
100010800
100010803
100010804
100010807
100010806
100010832
100007151
100007162
100007165
100010798
100007163
100007298
100007166
100007164
190000231
1430
1432
127734076
127734077
127734075
100010791
100010790
100010792
100010794
100010793
1439
100004576
100004508
100004512
100004509
100004510
100004511
100004513
14560101
14560102
14560201
14560103
100005064
145610
201147909
145609
145608
100004505
100004515
145607
145604
14560202
14560204
14560104
14560203
146907
143301
143302
143303
143304
143305
143306
143399
100004288
100004291
100004296
100004295
100004289
100004290
100004292
100004293
4102
190000186
190000180
100007519
201153108
100004516
1473
146909
146999
146903
146901
146910
100004297
146904
146902
100004464
146911
4106
4109
100010672
100010671
3709
4318
153001
153099
153002
153003
100010670
153005
127734078
127734081
127734079
127734082
127734080
100010749
100010750
100007523
100010753
100010748
100010751
100010752
144004
100010754
201151904
201151204
201152106
201148703
201155504
100007203
100007193
100007207
100007191
100010692
201143304
201145501
100007214
100007204
100009183
100009173
100009185
100009187
100009179
100009177
100009175
100009174
100009189
100009182
100009184
100007212
100009191
100009180
100007215
100009188
100007225
100009186
100009181
100009176
100009190
100007216
100009192
100007213
201145801
201145701
100007209
100007206
100007192
100007205
201154706
100010675
1457
142906
142907
142908
100010796
100007169
1435
142905
100010797
100010795
100007302
4337
142602
142603
201151708
201153106
201148405
201150305
201149706
201148108
201150306
142604
142605
142606
100010739
100010738
201150704
142607
201149607
201148505
100007303
201150702
201150403
201155404
201148503
201152107
4399
100007479
100010767
100010766
100010762
100010763
100010760
100010768
100010756
100010769
100010759
100010761
100010770
100010816
100007478
100010755
4321
4348
3808
4301
33907
100010765
100010764
100010757
4328
4327
2308
100010784
147199
100010827
100010825
4330
100010787
100010789
100010788
201148407
201148906
147102
147104
100010823
100010824
147106
147107
147103
147105
100010783
100010782
100010785
147101
100010786
147110
100010826
147111
201151808
201153905
201151712
201152704
201152804
201152307
201154305
4334
100010702
100010872
100009283
201149311
127726100
190000088
127696025
100010777
100010780
100010778
100010776
100010775
100010771
100010781
100010773
100007480
100007481
4322
190000202
100010779
100010833
100007149
100007145
100007143
100007148
1465
100007144
100007147
100007146
100007150
1437
201148204
201148408
201153005
201151406
201152703
144002
144003
100010809
144099
144006
144007
144008
100010808
144009
144010
100010812
100010813
144011
144012
100010810
100010814
100010811
100010745
100007233
100010744
143104
100007232
143101
100010746
143102
100007231
100010742
100010741
100010743
100007228
100007230
100007234
100007229
100010740
100010747
143103
4338
93601
100008864
131001
100004479
93602
93603
93604
93605
93699
944
94102
94199
94101
146701
902
100009172
14670301
14670302
14670303
190000050
14670304
100000277
100007115
100000287
14670399
90902
93501
100000290
131003
100004482
93502
93503
100000295
93599
90901
140601
100000296
140602
140603
140699
90903
100000297
9090401
100000298
9090402
100000299
9090403
9090499
92101
92102
100000276
92103
100000300
92104
92105
100000680
100000315
100000320
92106
92107
92108
92109
131004
91701
91799
939
90905
911
11050201
11050202
11050203
11050204
11050299
100007113
11050205
11050206
916
90906
100010574
940
90801
100004271
100004273
90802
90803
90899
90804
100004268
90805
100004266
100004270
90915
100000274
90401
90402
90403
90406
90404
90405
90499
100004478
100007332
100000339
918
943
942
9090799
100007112
100000319
9090701
9090702
9090703
922
90908
932
100000318
100008948
931
93499
100001855
100001856
93401
100001858
100001859
93402
93403
93404
100001860
131008
92503
92599
92506
92501
92502
92505
92504
929
920
924
926
927
933
919
930
928
93799
93701
100000334
131005
100002886
93702
93703
100007338
100007335
100007337
100007339
100007342
100007336
100007341
90302
90301
90303
90399
90304
938
21111101
100003221
21111103
21111199
21111112
21111106
21111111
21111109
100009279
21111108
100005695
21111110
21111102
211112
21200202
21200203
100003181
21200299
21200201
100003183
100003184
100003182
2114
2202
501
150415
21200204
2101
211109
211201
21110602
21110601
2126
21110603
21110604
100003311
21110605
21110699
211114
100003309
21111104
213901
213999
100003223
21111113
21111107
211102
2141
100003230
100003225
211603
100003228
100003227
211604
211699
211605
2142
100003177
211110
2110
2213
2209
21110711
21110705
100005525
21110788
21110710
211104
211105
100003212
100003213
211108
100005450
2137
2125
2129
2128
2127
211101
2124
2133
2132
2131
100003170
2123
2119
2104
100003169
50908
2108
2122
100003174
2121
2105
2106
211206
100004066
211202
211203
211299
211205
211204
2115
211103
100003152
211113
2102
21110712
21110707
21110799
21110708
21110701
21110702
21110704
21110703
210399
190000181
211301
211302
211304
211303
211305
211306
211308
211399
211309
211307
211310
2138
2117
2140
21110709
100001129
230620
201148504
23190405
23190403
23190903
201154507
201152803
201154907
230608
231910
230606
201153904
201150508
201151710
201154303
201151105
201153406
201148706
201150808
201151308
201149407
201154407
230699
100001210
190000091
230609
2305
100001208
2312
232003
100001126
201147101
201146602
201146701
201146801
201146901
201147001
201150703
201150609
201154106
201153004
201153705
201154605
201150608
230607
201151307
201151806
201154105
2311
230616
3598
813
3507
2310
3509
3508
2201
100002845
3599
100002844
100002846
3502
230111
201150010
201154508
201149309
100000343
232002
201148004
100000379
232007
201149609
232006
230615
2314
201149308
201151711
201150905
8004
800504
800501
131002
800505
800502
800503
800599
800506
800507
800509
800508
800510
8006
807002
807003
807004
807005
807006
807007
807008
807099
807009
807010
807011
807012
807001
807013
807014
807015
807016
807017
807018
807019
807020
807021
800201
800202
800203
8007
8008
8009
8011
801201
801202
801203
801204
801205
801299
801207
801209
801206
801208
8013
80801
80802
80803
80804
80805
80806
80807
80808
80899
80809
80810
80811
80812
80813
8014
303006
303007
303002
303008
303003
303099
201153201
3008
15010508
301108
301102
301107
301103
301104
301101
301106
301105
301199
300902
300901
300905
201152904
300906
300911
300904
300903
300910
300909
300912
300999
301002
201151614
301001
3010
301003
201151607
201151706
201148313
3016
300706
300701
201151505
201150402
300707
300710
300799
300702
300709
300705
300501
300502
300503
300507
300504
300599
300506
301502
301507
127726060
301599
301508
301504
301509
301510
301503
301501
201154903
3012
3014
3019
300603
300602
300601
300699
28191910
28191903
28191906
28191904
28191907
28191909
28191902
28191911
28191901
28191905
282914
282904
51001
51003
51002
51005
51004
51099
51007
51006
2826
282999
240605
240601
240603
240699
240607
100009228
28290310
28290303
28290305
28290304
28290399
28290312
28290302
28290315
28290307
28290313
142902
28290308
28290301
28290101
28290199
28290105
28290104
28290103
28290106
282905
2818
201152908
201151305
201149704
201155201
201148105
201148604
201153303
201148003
201149306
201151404
201150105
201152203
201151608
201153805
201154905
201154906
201152907
201151004
32299
3220999
3220901
3220902
3220903
3220904
100001674
3221099
100001688
32210033
3221004
32210031
100001692
100004488
3221005
3221006
3221007
3221008
3221010
3221011
32210032
32210034
3221012
3221013
3221014
3221015
100001676
100004559
32220
32221
32216
3220801
3220802
3220803
3220899
3220804
32211
32217
201153703
201153804
201155101
201152005
201149005
201152906
201151203
1219
100005413
100005414
100005411
100005718
100005415
100005420
100005421
100001620
12070305
12070306
120706
120701
201154408
201148905
120702
12070307
12070301
120704
12070304
1204
100009291
122801
122802
100006494
100001408
122803
100001407
100001411
122899
122201
100006506
122209
122210
122202
122203
100001401
122208
100001403
122204
122205
100001400
100001402
100001410
122206
122207
122299
1221
100001710
100001709
1229
100006078
100006079
100006077
100007347
100000351
100007118
100007141
100006064
2027
100005845
100005391
100005395
100005419
2008
100006483
100005400
100005403
100005405
100005406
100005407
100005364
100005365
100005366
100005362
100005370
100005361
100005884
100005368
100007199
100005369
100005706
100007471
2002
1809
180601
100005710
100005709
100005471
100005472
100005473
100005474
180605
100005487
100005488
100005491
100005493
100005497
100005802
100005500
100005501
100005508
100005510
100005513
100005515
100005518
100005519
100005520
100005526
100005714
2039
100007472
100005530
100005531
100005533
100005844
100005535
100007469
100005536
200732001
100005539
100005879
100007482
100005541
100005544
100005542
100005543
201155003
100005546
100007483
201154207
100005702
100006478
100005776
100005552
100005554
100005555
100006465
100005558
100005559
100005560
100006466
100006086
100005569
100005566
100005567
100005570
100006091
202104
202106
202105
190000211
100007351
100005572
100005574
200603
12070302
100005433
100005707
100005429
100005869
100005476
100005703
100005480
127672026
127668036
127676031
127674037
127664035
127664036
127656038
127652039
127682036
127680038
127672025
127668033
100005317
1232
2042
127734051
127734049
127734052
127734050
203106
100005584
100005833
203101
203103
203105
100005587
100005589
100006067
100005601
100007475
100005604
100007474
100007473
100005605
100005606
127734040
127734046
127734035
127734042
100004067
127734037
127734043
127734034
127734048
127734032
127734039
127734033
127734036
127734044
127734038
127734041
127734047
127734045
100005877
100005876
100005881
100005883
100005882
100007349
100006479
100006481
100007476
100005711
100005651
100005652
100005655
2048
2049
100005713
100005664
201153405
100005665
201133001
100005668
100005669
100005670
100005671
201132901
100005672
100005682
100005683
100005685
100006464
5092101
190000081
50912
50920
5092206
50914
5092203
5092201
50911
5092301
5092204
5092205
50905
5091006
50916
50902
5091001
5091099
50913
5091003
5091005
100000682
429
100000278
100000279
100000267
100000280
100000281
100000282
100000283
100000284
100000285
100000289
100000291
100000292
100000293
100000294
100000301
100000302
100000303
100000329
42318
42302
190000216
100000336
100000337
425
42319
100000340
100000341
100000345
42320
42321
100000350
100000354
100000357
100000358
42306
100000359
42316
100000361
42317
100000362
100000363
100000364
100000365
100000366
100000367
100000369
100000371
100000372
100000674
100000675
41510
100005834
100005839
100005838
100005837
100005836
41509
100000677
100000678
41501
41505
100005835
41507
41503
428
42801
414
100000385
40601
40608
40602
100000392
40510
100000394
40502
40503
40507
40607
127664042
40301
40504
40609
40508
127692033
40603
40606
40604
100000405
100000384
40605
40511
40505
40509
152213
100000406
40512
100000407
403
100000408
41506
4150601
402
100000692
100000691
280504
427
100000409
100000410
100000413
100000414
100000415
100000416
100000417
100000418
100000419
100000420
100000424
100000426
100000429
100000430
100000431
40811
190000090
40812
100000600
40899
40805
361210
361250
361260
361240
361299
361220
361230
33902
36127010
36127020
36127030
36127040
361280
100010591
36127099
127726041
100007299
100007306
100007322
100007315
100007318
100007319
100007324
100007331
100007330
100007326
100007329
100007344
100007328
100007340
100007343
100002852
100002854
100007345
100007320
150911
100007321
100007323
152406
100002831
360950
100002848
100002847
127734023
100002859
100007346
100002858
100002860
100010612
100002857
361120
190000172
100002861
4204
1428
1455
127282004
127328002
127330005
127320003
127314009
127320004
127314010
127284004
127292006
127292007
127330006
127322004
127324005
127294006
127326007
145901
127320013
127502002
145902
127320002
127310003
127292003
127326001
127324002
127328001
127300002
127326002
127394006
127300003
127300004
127288003
4202
127298004
127014073
127302002
145903
127278017
145904
127320014
145999
127312001
127310001
145905
127284022
127320001
127278003
127406003
127308003
127390007
127308001
145906
127290002
127308002
127322001
127318002
127324001
127282003
127418011
127310002
127278002
127314001
127284002
145907
127326018
126974058
127374003
14200301
127356008
127342010
127056045
126992095
127380003
127502003
14200302
127322005
127056041
127344010
14200303
127368007
127296005
127284005
127332005
127330007
126980075
127324006
127322006
127318005
14200304
127298006
127324008
127308005
127320005
127324007
127282007
127058042
127352006
127692022
14200305
127352007
126984071
127370004
127668026
127004081
127284010
127320006
127058047
127374004
127312007
127326009
127310007
127060046
127360006
14200306
127322008
127332007
127322007
127298007
127296014
126990085
127364006
190402
127370006
153705
126994075
126974057
127004079
127294007
127006081
127376005
126978059
14200399
127292008
127292009
127310006
14200307
127344012
127058049
127380004
126980076
127344011
127004080
127362010
127052051
127366005
127052055
127340006
127654024
127682025
127688029
127668027
127686022
14200308
14200309
127372008
127282008
14200310
127360004
127056046
127350005
126986067
127382005
127052056
127374005
126992096
127370005
127054036
127366004
126980077
127350006
126980078
127374006
126986066
127378005
127320007
127300009
127296006
127312009
127292010
127312008
127278007
127308006
127322009
127318006
127302004
127294008
127332008
14200311
4201
4113
4101
4203
4299
1407
100011035
1466
100011037
100011036
127060044
127052050
127052046
127058039
127058037
127060045
127058038
127054033
127056038
127052048
127058041
127058046
127018074
127054034
127288018
127318017
127296003
127308015
127308014
100007223
100007222
100007211
100007221
100007218
100007224
100007220
100007219
126976090
126988090
127008082
126992098
126994077
127008080
126994080
127008081
127016088
142903
127002081
127004084
126978062
126990087
126994079
127018071
126994078
127056039
127006082
126988089
126994081
142904
127004086
142910
14200602
14200601
14200603
14200699
14200604
14200605
142099
131006
127052057
127058053
127056048
127052058
127060052
127058054
127056040
127056050
127060051
127054040
127054035
127058052
127060050
100006468
100006472
127332004
127694016
127002085
127282006
126980080
127014075
127346008
126974062
127322003
100006471
127328004
127278010
14200514
141704
127290005
127332010
127318007
127312006
127308008
127330008
127296007
127322011
126988087
127056042
127278008
127296008
127282009
127310017
127310016
127054039
127288012
127300013
126978060
126984072
127360005
127310011
127284006
127312010
127288009
127310009
126978061
127300010
127310014
127332011
127284008
127070001
127012076
126992097
127330009
126984075
127314012
127298012
127322010
127300011
127284011
127070002
126984074
127016087
127294009
126992101
126984076
126974059
127314013
127314014
100011038
100006475
127318008
127290006
127300014
100006476
127312011
127294010
127322014
127052054
127288010
127296010
14200512
127282011
127332014
126986070
141799
127288011
127300012
141715
127292011
127320008
127296011
127058050
127292005
127000086
127284007
127326011
127312016
127290007
127294015
127314006
127310013
127332009
127294011
127678019
127302006
127330010
127298008
127294012
127682024
127326010
127310012
127312012
126976089
126976088
127018072
126998068
127004087
127302011
127302012
141708
127380005
127318009
127288013
141709
127302007
127292012
127318010
126984073
127008079
126974060
126980079
127294013
127314015
127322012
127302010
127282010
127302008
127302009
127320009
127332013
127294014
127284009
127330011
127296012
127310015
127314016
127332012
127278009
126986068
127004082
127014071
126988091
126998070
127004083
127014072
126998069
126986069
126996066
127312013
127312014
127314005
127302005
127324009
127310008
127310010
127298009
127308007
127296009
127058045
127056047
127322013
127324010
141714
127296013
127332015
127298010
126988088
127014074
127308009
127320010
127314017
127298011
127282012
127312015
127300015
126990088
127018073
126986071
100008954
100008953
100008955
4104
100008956
127318004
127300008
127502004
127662022
127314011
127326008
127288008
15370101
15370102
15370103
50505
50502
50599
50503
50504
15370401
15370402
15370404
15370499
15370405
15370104
153713
15370105
190403
190404
190405
100005696
15370706
190401
15370799
15370707
15370708
15370709
1911
15370711
201150106
153714
15370199
153712
153715
15370106
15370601
15370602
15370603
15370699
15370604
15370605
15370899
15370801
15370802
15370803
15370804
15370805
153709
153711
153710
142001
100007493
100007489
127376006
100007490
127384001
100007492
127348008
100007491
127382006
100004471
100004466
100004468
100004467
100004469
100004470
1460
201152507
142701
201149902
142799
201153704
201151906
201150204
201151005
201151609
201152204
142702
142703
142705
142706
142707
142708
142709
2621
100001721
100001722
100001723
100001725
100001724
100001741
2622
2624
100001737
100001738
100001739
2630
100001736
2632
2605
100001733
100001731
100006333
100001735
2625
100001734
2601
100001763
100001740
100009508
100001764
2610
2623
2626
100001784
100001786
100001791
2615
100001787
100004476
100001790
100001742
100001754
100001755
100001757
2628
100001756
2629
100006336
2614
100001766
100001778
100001775
100001777
100001765
2607
2631
100001781
100001793
201151901
100001761
201149202
201148402
100002957
100001762
100006335
100001610
201142902
201139102
201140101
201143601
127726267
127696028
127726266
127684039
127680042
127684049
120601
120602
120606
120607
120212
120605
120604
120603
127726291
127668040
127726292
127726293
127686027
127690032
127694027
127658033
127672031
127676036
127684038
127692032
127782006
127726232
127686028
100004518
127726256
120201
120211
12020303
12020304
12020306
12020301
12020307
12020302
127726257
127808003
12020399
127726255
12020305
100006482
340408
100001016
100006507
100004286
100001014
100003314
100001018
340406
100001020
100001015
100001019
100001013
340405
340407
190000113
127670037
340404
100004503
100001017
127820005
127726269
127678035
127726272
127660040
127726283
127726279
127726285
127726273
120204
120231
127726270
127726276
127726274
127828004
127726278
127654037
127690037
127770006
127726268
127726286
127852001
127726289
127726275
127726271
127726282
127726287
127726280
127726277
127658024
127678021
127678022
127664030
127652033
127666033
127664031
127694020
127654030
127654029
127662028
127810002
127662029
127694024
127684035
127672023
127674036
127656037
127662030
127670040
127726241
127726240
127690036
127726223
127682042
127676042
127664040
127694025
127684036
127676034
127656042
127672029
127672028
127726224
127726249
127726248
127726245
127726246
120801
127726247
127656048
127726252
120802
127726253
127670041
127808002
127826003
100003208
100003194
100003201
100003203
100003200
100003198
100003196
100003209
100003205
100003199
100003195
100003207
100003197
100003202
127834003
127676044
127684043
127684044
121305
121301
100001099
100001098
121304
121303
127726302
127726305
127726304
100001102
100001101
121399
100004502
100001100
100001096
100001095
100001094
120223
127674038
127662031
127676032
100003187
100003189
127676033
127670035
127656039
100003192
127682043
127670036
127688044
100003186
100006510
121204
100006508
200862002
100006509
121201
121203
121209
100001120
121208
100001119
100001121
121299
121207
121206
121210
100004517
3403
340906
340901
340999
1210
340905
340902
340801
340804
340807
340802
340899
127692029
340806
340803
127682032
340805
340808
127686024
127692031
127668034
127676024
127688036
127678027
127666035
127688039
127656033
127674032
127672022
127686025
127678036
127688035
127670031
127840003
127652034
127658029
127668031
127668029
127658028
127684032
127684031
127682033
127668035
127654032
100001061
127666036
201140201
201143701
100002897
100001050
1218
122701
122702
100006505
122704
100001630
100001629
100001631
100001667
100001632
100001702
1205
190000191
1233
1234
122303
127686029
1225
127690033
1206002
100001649
100001650
100001654
100001651
100001653
100001652
1207
340703
100001091
340702
100001092
340701
340704
340799
127774006
127696029
127726312
127726313
127676043
127670038
100008764
127726307
127834004
340604
100001672
100001664
100001675
100001697
100001668
100001696
100004786
100006498
100006496
100006492
100006502
100006499
100006500
100006497
100006501
100006493
100006503
340603
100001662
340601
340605
201143203
201140001
202102
100005700
201145201
201145301
201145101
201142802
127666037
127694026
127662033
127662032
127696027
127656041
127672027
127664039
127656040
200876001
127664041
127652037
1239
1238
100005315
100005314
100005312
127726315
127726316
100005313
100005316
1224
1206001
1206
201141603
201144902
201144903
122302
100006490
122301
100001823
122399
100001406
100003271
1235
122304
1231
123099
100006486
100006485
123007
123004
123009
123002
100006489
100006487
123003
123008
100006488
123006
123001
123005
120209
100005331
100001123
121599
120222
120224
